Matriz de 10 x 10 
Intento N 1 
1     0      0       0        0         0          0           0            0             0              
1     0      0       0        0         0          0           0            0             0              
0     0      0       0        0         0          0           0            0             0              
0     0      0       0        0         0          0           0            0             0              
0     0      0       0        0         0          0           0            0             0              
0     0      0       0        0         0          0           0            0             0              
0     0      0       0        0         0          0           0            0             0              
0     0      0       0        0         0          0           0            0             0              
0     0      0       0        0         0          0           0            0             0              
0     0      0       0        0         0          0           0            0             0              
Intento N 2 
1     2      0       0        0         0          0           0            0             0              
0     1      0       0        0         0          0           0            0             0              
0     0      0       0        0         0          0           0            0             0              
0     0      0       0        0         0          0           0            0             0              
0     0      0       0        0         0          0           0            0             0              
0     0      0       0        0         0          0           0            0             0              
0     0      0       0        0         0          0           0            0             0              
0     0      0       0        0         0          0           0            0             0              
0     0      0       0        0         0          0           0            0             0              
0     0      0       0        0         0          0           0            0             0              
Intento N 3 
1     2      3       0        0         0          0           0            0             0              
0     0      1       0        0         0          0           0            0             0              
0     0      0       0        0         0          0           0            0             0              
0     0      0       0        0         0          0           0            0             0              
0     0      0       0        0         0          0           0            0             0              
0     0      0       0        0         0          0           0            0             0              
0     0      0       0        0         0          0           0            0             0              
0     0      0       0        0         0          0           0            0             0              
0     0      0       0        0         0          0           0            0             0              
0     0      0       0        0         0          0           0            0             0              
Intento N 4 
1     2      3       4        0         0          0           0            0             0              
0     0      0       0        0         0          0           0            0             0              
0     0      0       0        0         0          0           0            0             0              
0     0      0       0        0         0          0           0            0             0              
0     0      0       0        0         0          0           0            0             0              
0     0      0       0        0         0          0           0            0             0              
0     0      0       0        0         0          0           0            0             0              
0     0      0       0        0         0          0           0            0             0              
0     0      0       0        0         0          0           0            0             0              
0     0      0       0        0         0          0           0            0             0              
